<svg width="45" height="46" viewBox="0 0 45 46" fill="none" xmlns="http://www.w3.org/2000/svg">
<mask id="mask0_4896_14241" style="mask-type:luminance" maskUnits="userSpaceOnUse" x="0" y="0" width="45" height="46">
<path d="M22.4809 45.2719C34.7284 45.2719 44.6569 35.3434 44.6569 23.0959C44.6569 10.8485 34.7284 0.919922 22.4809 0.919922C10.2335 0.919922 0.304932 10.8485 0.304932 23.0959C0.304932 35.3434 10.2335 45.2719 22.4809 45.2719Z" fill="white"/>
</mask>
<g mask="url(#mask0_4896_14241)">
<path d="M13.4492 16.5218C13.1317 16.5218 12.7991 16.4562 12.4715 16.3302C11.6651 16.0178 11.2064 15.3827 11.1812 14.541C11.1661 13.9715 11.1661 13.397 11.1712 12.8426C11.1712 12.5805 11.1712 12.3134 11.1712 12.0462C11.1712 11.4062 11.1712 10.7661 11.1661 10.121V9.15832C11.156 7.77736 11.8768 7.228 12.4765 7.01128C13.3636 6.68872 14.0389 6.81976 14.5379 7.08688C16.6446 4.43584 19.3309 3.09016 22.5263 3.08008H22.5464C25.7166 3.08008 28.3777 4.43584 30.4592 7.10704C30.9431 6.84496 31.4672 6.82984 31.9057 6.85504C32.7726 6.90544 33.3824 7.3792 33.6193 8.1856C33.7302 8.55856 33.7856 8.9164 33.7907 9.24904C33.7957 10.0151 33.7907 10.7862 33.7907 11.5523C33.7907 12.4192 33.7907 13.3163 33.7957 14.1983C33.8058 15.0854 33.4429 15.791 32.7776 16.1942C32.0821 16.6074 31.1447 16.6074 30.3887 16.1942C29.3605 15.6246 29.3504 14.5713 29.3454 14.0622C29.3454 13.5885 29.3555 13.1097 29.3656 12.651C29.3807 12.0966 29.3958 11.5221 29.3807 10.9626C29.3706 10.6048 29.2748 10.252 29.1287 10.0151C27.4151 7.27336 24.9908 6.00328 21.9215 6.23512C19.1797 6.4468 17.0579 7.88824 15.6215 10.5242C15.6215 10.5342 15.5812 10.6048 15.5812 10.8165C15.5812 11.2751 15.5812 11.7388 15.5812 12.1974C15.5812 12.8879 15.5862 13.5986 15.566 14.3042C15.5459 15.1206 15.2082 15.7859 14.6185 16.179C14.2808 16.4058 13.8776 16.5167 13.4543 16.5167L13.4492 16.5218ZM13.4795 8.01928C13.3132 8.01928 13.1166 8.05456 12.8848 8.1352C12.6176 8.23096 12.3505 8.42752 12.3505 9.16336V10.126C12.3556 10.7661 12.3606 11.4112 12.3606 12.0513C12.3606 12.3184 12.3606 12.5855 12.3606 12.8577C12.3606 13.402 12.3556 13.9614 12.3707 14.5108C12.3808 14.8686 12.5471 15.0904 12.9049 15.2265C13.3182 15.3878 13.6912 15.3777 13.9633 15.1962C14.2204 15.0249 14.3716 14.6973 14.3816 14.279C14.4018 13.5935 14.3968 12.8879 14.3917 12.2075C14.3917 11.7388 14.3917 11.2751 14.3917 10.8064C14.3917 10.4586 14.4572 10.1814 14.5782 9.95464C16.2212 6.94576 18.6606 5.29264 21.8308 5.05072C25.3235 4.77856 28.1963 6.28048 30.1367 9.38512C30.3937 9.7984 30.55 10.3578 30.5701 10.9274C30.5903 11.517 30.5701 12.1118 30.555 12.6813C30.5449 13.1298 30.5298 13.5986 30.5348 14.0522C30.5399 14.7124 30.6457 14.9795 30.9683 15.1559C31.3564 15.3676 31.8402 15.3777 32.1779 15.1811C32.4752 15.0047 32.6264 14.6822 32.6214 14.2235C32.6113 13.3365 32.6113 12.4343 32.6164 11.5624C32.6164 10.7963 32.6164 10.0353 32.6164 9.2692C32.6164 9.04744 32.576 8.80552 32.4954 8.53336C32.4148 8.25616 32.2787 8.07976 31.8503 8.05456C31.306 8.02432 31.0338 8.09992 30.807 8.35192C30.686 8.488 30.5147 8.5636 30.3332 8.54848C30.1518 8.5384 29.9855 8.44768 29.8796 8.30152C27.9493 5.59504 25.5604 4.2796 22.5616 4.2796H22.5414C19.5224 4.28464 17.1032 5.59 15.1528 8.26624C15.052 8.40736 14.8957 8.49304 14.7244 8.50816C14.553 8.52328 14.3816 8.4628 14.2607 8.34184C14.0893 8.18056 13.8625 8.01424 13.4946 8.01424L13.4795 8.01928Z" fill="white"/>
<path d="M22.4706 33.5468C22.2892 33.5468 22.1077 33.4964 21.9716 33.3805C20.5453 32.181 19.2097 30.9663 18.4537 29.2527C18.2975 28.8949 18.0455 28.1792 18.1261 27.4434C18.2017 26.768 18.5495 26.1985 19.1089 25.8356C19.744 25.4223 20.5655 25.3316 21.3719 25.5836C21.8356 25.7298 22.2287 25.9767 22.5563 26.3346C22.9343 25.9667 23.4232 25.629 24.0582 25.4828C24.7336 25.3216 25.424 25.4576 25.9532 25.8558C26.4824 26.2489 26.805 26.8739 26.8453 27.5694C26.9108 28.7286 26.4875 29.8424 25.5904 30.8807C25.0057 31.556 24.3556 32.1659 23.7205 32.7556C23.5189 32.942 23.3173 33.1335 23.1157 33.32C22.9645 33.4662 22.7176 33.5569 22.4706 33.5569V33.5468ZM20.4748 26.6219C20.2076 26.6219 19.9556 26.6874 19.754 26.8235C19.497 26.9898 19.3408 27.2519 19.3055 27.5694C19.2702 27.902 19.3559 28.3506 19.5373 28.7689C20.1472 30.1599 21.2308 31.1881 22.4857 32.2616C22.6218 32.1306 22.7629 32.0046 22.899 31.8736C23.5088 31.304 24.1388 30.7144 24.6832 30.0894C25.3837 29.283 25.7012 28.4766 25.6508 27.6248C25.6307 27.2771 25.4845 26.9848 25.2325 26.7932C24.9805 26.6068 24.658 26.5463 24.3203 26.6269C23.8314 26.7428 23.4383 27.0352 22.9645 27.64C22.8436 27.7962 22.647 27.8819 22.4504 27.8667C22.2539 27.8516 22.0775 27.7407 21.9767 27.5643C21.7146 27.1007 21.4172 26.8386 21.004 26.7076C20.8225 26.6521 20.6411 26.6219 20.4647 26.6219H20.4748Z" fill="white"/>
<path d="M22.4809 20.2962C18.6959 20.2962 15.6165 17.2167 15.6165 13.4266C15.6165 9.63657 18.6959 6.55713 22.4809 6.55713C26.266 6.55713 29.3505 9.63657 29.3505 13.4266C29.3505 17.2167 26.271 20.2962 22.4809 20.2962ZM22.4809 7.75161C19.3511 7.75161 16.8009 10.2968 16.8009 13.4317C16.8009 16.5666 19.3461 19.1118 22.4809 19.1118C25.6158 19.1118 28.161 16.5615 28.161 13.4317C28.161 10.3018 25.6158 7.75161 22.4809 7.75161Z" fill="white"/>
<path d="M22.4808 43.7727C19.4921 43.7727 16.584 43.1981 13.8321 42.0692C13.6255 41.9835 13.4844 41.792 13.4642 41.5702L12.3101 27.9118C12.3101 27.9118 12.3101 27.8765 12.3101 27.8614C12.3101 24.1721 15.3089 21.1733 18.9981 21.1733H25.9634C29.6527 21.1733 32.6515 24.1721 32.6515 27.8614C32.6515 27.8765 32.6515 27.8917 32.6515 27.9118L31.5377 41.5551C31.5175 41.7769 31.3764 41.9684 31.1748 42.0541C28.4179 43.1931 25.4947 43.7727 22.4858 43.7727H22.4808ZM14.6184 41.1065C17.1233 42.0893 19.7642 42.5833 22.4808 42.5833C25.1973 42.5833 27.8635 42.0793 30.3785 41.0914L31.4621 27.8362C31.4469 24.8122 28.9874 22.3577 25.9634 22.3577H18.9981C15.9741 22.3577 13.5146 24.8122 13.4995 27.8362L14.6184 41.1065Z" fill="white"/>
</g>
</svg>
